*lowshelf  27.5	 Hz	, 0.0 dB
*lowshelf  55.0	 Hz	,-0.5 dB
*lowshelf  110.0 Hz	, 8.5 dB
*highshelf 220.0 Hz	,-1.5 dB
*highshelf 440.0 Hz	, 0.0 dB
*highshelf 880.0 Hz	,-0.5 dB
*highshelf 1760	 Hz	,-1.0 dB
*highshelf 3520	 Hz	,-0.5 dB
*highshelf 7040	 Hz	,-0.5 dB
*highshelf 14080 Hz	,-2.0 dB
*Freq	spl
20.000000	8.003928
20.507812	8.004328
20.874023	8.004633
21.606445	8.005287
21.972656	8.005637
23.071289	8.006782
23.437500	8.007195
24.169922	8.008072
24.536133	8.008535
25.634766	8.010024
26.000977	8.010555
27.465820	8.012842
27.832031	8.013454
28.930664	8.015385
29.296875	8.016058
30.761719	8.018888
31.127930	8.019626
32.592773	8.022680
32.958984	8.023463
34.423828	8.026645
34.790039	8.027446
36.621094	8.031412
36.987305	8.032186
38.818359	8.035858
39.184570	8.036539
41.015625	8.039557
41.381836	8.040067
43.579102	8.042266
43.945312	8.042465
46.142578	8.042417
46.508789	8.042177
48.706055	8.039104
49.072266	8.038295
51.635742	8.029923
52.001953	8.028310
54.931637	8.011223
55.297848	8.008531
58.227535	7.982169
58.593746	7.978244
61.523434	7.941511
61.889645	7.936234
65.185547	7.881611
65.551758	7.874734
69.213867	7.796884
69.580078	7.788182
73.242188	7.691928
73.608398	7.681380
77.636719	7.554371
78.002930	7.541837
82.397461	7.378905
82.763672	7.364306
87.158195	7.177395
87.524406	7.160872
92.285149	6.933694
92.651360	6.915309
97.778313	6.645565
98.144524	6.625471
103.637688	6.312615
104.003899	6.291063
109.863274	5.936663
110.229485	5.913994
116.455070	5.521884
116.821281	5.498506
123.413078	5.074671
123.779289	5.051038
130.737305	4.603230
131.103516	4.579802
138.427734	4.116952
138.793945	4.094162
146.484375	3.625676
146.850586	3.603901
155.273422	3.118512
155.639633	3.098117
164.794907	2.608951
165.161118	2.590233
174.316391	2.144065
174.682602	2.127092
184.936508	1.678929
185.302719	1.663878
195.922836	1.255014
196.289047	1.241844
207.641586	0.862519
208.007797	0.851183
219.726547	0.515925
220.092758	0.506270
232.910141	0.196845
233.276352	0.188776
246.826157	-0.082880
247.192368	-0.089538
261.474609	-0.324522
261.840820	-0.329956
276.855438	-0.530634
277.221649	-0.535028
293.334930	-0.708132
293.701141	-0.711643
310.913055	-0.858660
311.279266	-0.861438
329.589813	-0.984788
329.956024	-0.986973
348.998993	-1.087870
349.365204	-1.089589
369.873016	-1.174941
370.239227	-1.176289
391.845673	-1.246962
392.211884	-1.248024
415.283173	-1.307691
415.649384	-1.308535
439.819305	-1.358551
440.185516	-1.359233
465.820282	-1.402485
466.186493	-1.403047
493.652313	-1.441722
494.018524	-1.442197
522.949219	-1.477235
523.315430	-1.477651
554.077087	-1.510827
554.443298	-1.511204
587.036072	-1.543611
587.402283	-1.543964
622.192322	-1.576868
622.558533	-1.577209
659.179626	-1.610980
659.545837	-1.611316
698.364197	-1.646805
698.730408	-1.647139
739.746033	-1.684630
740.112244	-1.684965
783.691345	-1.724872
784.057556	-1.725207
830.566345	-1.767763
830.932556	-1.768098
879.638611	-1.812413
880.004822	-1.812744
932.006775	-1.859545
932.372986	-1.859872
987.670837	-1.908899
988.037048	-1.909221
1046.264526	-1.959990
1046.630737	-1.960306
1108.520386	-2.013410
1108.886597	-2.013722
1174.438354	-2.069202
1174.804565	-2.069510
1244.384644	-2.127752
1244.750854	-2.128057
1318.359253	-2.189077
1318.725464	-2.189379
1396.728394	-2.253332
1397.094604	-2.253630
1479.858276	-2.320406
1480.224487	-2.320699
1567.748901	-2.389588
1568.115112	-2.389871
1661.132690	-2.460442
1661.498901	-2.460714
1759.643433	-2.531484
1760.009644	-2.531740
1864.379761	-2.602215
1864.745972	-2.602453
1975.341675	-2.671390
1975.707886	-2.671608
2092.895264	-2.738237
2093.261475	-2.738435
2217.406982	-2.802274
2217.773193	-2.802453
2349.242920	-2.863342
2349.609131	-2.863503
2488.769287	-2.921565
2489.135498	-2.921710
2636.718506	-2.977396
2637.084717	-2.977527
2793.456787	-3.031206
2793.822998	-3.031326
2959.716553	-3.083468
2960.082764	-3.083579
3135.864014	-3.134419
3136.230225	-3.134521
3322.265381	-3.184161
3322.631592	-3.184255
3519.653076	-3.232754
3520.019287	-3.232841
3729.125732	-3.280236
3729.491943	-3.280316
3951.049561	-3.326453
3951.415771	-3.326526
4185.790527	-3.371345
4186.156738	-3.371412
4434.813965	-3.415198
4435.180176	-3.415260
4698.485840	-3.458253
4698.852051	-3.458310
4977.904785	-3.501028
4978.270996	-3.501082
5273.803223	-3.544079
5274.169434	-3.544131
5587.645996	-3.588083
5588.012207	-3.588134
5919.799316	-3.633493
5920.165527	-3.633542
6271.728027	-3.680774
6272.094238	-3.680823
6644.896973	-3.730221
6645.263184	-3.730269
7039.672363	-3.781852
7040.038574	-3.781899
7458.251465	-3.835909
7458.617676	-3.835956
7902.099121	-3.892707
7902.465332	-3.892754
8371.947266	-3.952875
8372.313477	-3.952922
8869.627930	-4.017827
8869.994141	-4.017876
9396.971680	-4.089835
9397.337891	-4.089887
9955.809570	-4.172150
9956.175781	-4.172207
10547.972656	-4.268986
10548.338867	-4.269050
11175.291992	-4.385222
11175.658203	-4.385295
11839.598633	-4.525630
11839.964844	-4.525713
12543.456055	-4.693584
12543.822266	-4.693676
13289.793945	-4.888792
13290.160156	-4.888891
14079.710938	-5.104177
14080.077148	-5.104277
14916.869141	-5.325823
14917.235352	-5.325916
15804.198242	-5.534150
15804.564453	-5.534228
16743.894531	-5.709796
16744.261719	-5.709855
17739.257812	-5.840870
17739.621094	-5.840908
18794.308594	-5.926084
18794.675781	-5.926106
19911.984375	-5.972935
19912.351562	-5.972945
20000.000000	-5.975266
