*--Comon Harman curve
*	with target as
*	(
*	SELECT "Freq" FROM "TARGET_CURVE_DATA"
*	where prefered is not null
*	union
*	SELECT "Freq" FROM "cat_preftunefreq"
*	)
*	SELECT "Freq"
*	,0
*	+df_lowshelf	(freq,48000	,   21.875, 0.4,0)
*	+df_lowshelf	(freq,48000	,   43.750,-0.8,0)
*	+df_lowshelf	(freq,48000	,   87.500, 6.8,0)
*	+df_highshelf	(freq,48000	,   87.500,-0.8,0)
*	+df_highshelf	(freq,48000	,  175.000, 0.2,0)
*	+df_highshelf	(freq,48000	,  350.000, 0.3,0)
*	+df_highshelf	(freq,48000	,  700.000,-0.4,0)
*	+df_highshelf	(freq,48000	, 1400.000,-0.6,0)
*	+df_highshelf	(freq,48000	, 2800.000,-0.6,0)
*	+df_highshelf	(freq,48000	, 5600.000,-0.6,0)
*	+df_highshelf	(freq,48000	,11200.000,-0.4,0)
*	as SPL
*	FROM target order by freq
*Freq	SPL
17.324000	6.301723
18.354000	6.285184
19.445000	6.267635
20.507812	6.251017
20.602000	6.249583
20.874023	6.245484
21.606445	6.234810
21.827000	6.231712
21.972656	6.229698
23.071289	6.215403
23.125000	6.214747
23.437500	6.211015
24.169922	6.202847
24.500000	6.199437
24.536133	6.199074
25.634766	6.189031
25.957000	6.186448
26.000977	6.186108
27.465820	6.176485
27.500000	6.176299
27.832031	6.174576
28.930664	6.169946
29.135000	6.169256
29.296875	6.168745
30.761719	6.165441
30.868000	6.165285
31.127930	6.164945
32.592773	6.163995
32.703000	6.163979
32.958984	6.163966
34.423828	6.164375
34.648000	6.164484
34.790039	6.164556
36.621094	6.165424
36.708000	6.165451
36.987305	6.165518
38.818359	6.165045
38.891000	6.164984
39.184570	6.164695
41.015625	6.161175
41.203000	6.160623
41.381836	6.160059
43.579102	6.149820
43.654000	6.149353
43.945312	6.147458
46.142578	6.128808
46.249000	6.127697
46.508789	6.124903
48.706055	6.096287
48.999000	6.091774
49.072266	6.090619
51.635742	6.043391
51.913000	6.037472
52.001953	6.035539
54.931637	5.962541
54.931641	5.962540
55.000000	5.960619
55.297848	5.952133
55.297852	5.952133
58.227535	5.858636
58.227539	5.858635
58.270000	5.857147
58.593746	5.845678
58.593750	5.845678
61.523434	5.732106
61.523438	5.732106
61.735000	5.723235
61.889645	5.716695
61.889648	5.716695
65.185547	5.566412
65.406000	5.555641
65.551758	5.548472
69.213867	5.356430
69.296000	5.351872
69.580078	5.336029
73.242188	5.121349
73.416000	5.110711
73.608398	5.098891
77.636719	4.841739
77.782000	4.832153
78.002930	4.817539
82.397461	4.518821
82.407000	4.518159
82.763672	4.493348
87.158195	4.183085
87.158203	4.183084
87.307000	4.172471
87.524406	4.156955
87.524414	4.156954
92.285149	3.816043
92.285156	3.816043
92.499000	3.800737
92.651360	3.789835
92.651367	3.789834
97.778313	3.425931
97.778320	3.425930
97.999000	3.410452
98.144524	3.400255
98.144531	3.400255
103.637688	3.022885
103.637695	3.022885
103.830000	3.009980
104.003899	2.998331
104.003906	2.998331
109.863274	2.618018
109.863281	2.618017
110.000000	2.609448
110.229485	2.595097
110.229492	2.595096
116.455070	2.222338
116.455078	2.222338
116.540000	2.217482
116.821281	2.201443
116.821289	2.201442
123.413078	1.845728
123.413086	1.845728
123.470000	1.842826
123.779289	1.827110
123.779297	1.827109
130.737305	1.496140
130.810000	1.492908
131.103516	1.479905
138.427734	1.179136
138.590000	1.172975
138.793945	1.165260
146.484375	0.897784
146.830000	0.886790
146.850586	0.886138
155.273422	0.643255
155.273438	0.643255
155.560000	0.635787
155.639633	0.633721
155.639648	0.633720
164.794907	0.420054
164.794922	0.420054
164.810000	0.419739
165.161118	0.412430
165.161133	0.412429
174.316391	0.241935
174.316406	0.241935
174.610000	0.237062
174.682602	0.235863
174.682617	0.235862
184.936508	0.085884
184.936523	0.085884
185.000000	0.085066
185.302719	0.081184
185.302734	0.081184
195.922836	-0.038455
195.922852	-0.038455
196.000000	-0.039216
196.289047	-0.042056
196.289062	-0.042056
207.641586	-0.139216
207.641602	-0.139216
207.650000	-0.139278
208.007797	-0.141926
208.007812	-0.141926
219.726547	-0.217058
219.726562	-0.217058
220.000000	-0.218568
220.092758	-0.219078
220.092773	-0.219078
232.910141	-0.279474
232.910156	-0.279474
233.080000	-0.280153
233.276352	-0.280935
233.276367	-0.280935
246.826157	-0.326598
246.826172	-0.326598
246.940000	-0.326920
247.192368	-0.327629
247.192383	-0.327629
261.474609	-0.361098
261.630000	-0.361397
261.840820	-0.361802
276.855438	-0.385376
276.855469	-0.385376
277.180000	-0.385785
277.221649	-0.385837
277.221680	-0.385837
293.334930	-0.401860
293.334961	-0.401860
293.660000	-0.402109
293.701141	-0.402140
293.701172	-0.402140
310.913055	-0.412073
310.913086	-0.412073
311.130000	-0.412163
311.279266	-0.412225
311.279297	-0.412225
329.589813	-0.417582
329.589844	-0.417582
329.630000	-0.417590
329.956024	-0.417652
329.956055	-0.417652
348.998993	-0.419910
348.999023	-0.419910
349.230000	-0.419925
349.365204	-0.419934
349.365234	-0.419934
369.873016	-0.420579
369.873047	-0.420579
369.990000	-0.420581
370.239227	-0.420583
370.239258	-0.420583
391.845673	-0.420832
391.845703	-0.420832
392.000000	-0.420835
392.211884	-0.420839
392.211914	-0.420839
415.283173	-0.421812
415.283203	-0.421812
415.300000	-0.421813
415.649384	-0.421838
415.649414	-0.421838
439.819305	-0.424440
439.819336	-0.424440
440.000000	-0.424467
440.185516	-0.424495
440.185547	-0.424495
465.820282	-0.429474
465.820312	-0.429474
466.160000	-0.429556
466.186493	-0.429562
466.186523	-0.429562
493.652313	-0.437569
493.652344	-0.437569
493.880000	-0.437646
494.018524	-0.437693
494.018555	-0.437693
522.949219	-0.448974
523.250000	-0.449106
523.315430	-0.449134
554.077087	-0.463955
554.077148	-0.463956
554.370000	-0.464109
554.443298	-0.464147
554.443359	-0.464147
587.036072	-0.482463
587.036133	-0.482463
587.330000	-0.482638
587.402283	-0.482681
587.402344	-0.482681
622.192322	-0.504486
622.192383	-0.504486
622.250000	-0.504523
622.558533	-0.504725
622.558594	-0.504725
659.179626	-0.529412
659.179688	-0.529412
659.260000	-0.529468
659.545837	-0.529666
659.545898	-0.529666
698.364197	-0.557001
698.364258	-0.557001
698.460000	-0.557070
698.730408	-0.557263
698.730469	-0.557263
739.746033	-0.586752
739.746094	-0.586752
739.990000	-0.586928
740.112244	-0.587017
740.112305	-0.587017
783.691345	-0.618471
783.691406	-0.618471
783.990000	-0.618686
784.057556	-0.618734
784.057617	-0.618734
830.566345	-0.652055
830.566406	-0.652055
830.610000	-0.652086
830.932556	-0.652316
830.932617	-0.652316
879.638611	-0.686745
879.638672	-0.686745
880.000000	-0.686999
880.004822	-0.687002
880.004883	-0.687002
932.006775	-0.723207
932.006836	-0.723207
932.330000	-0.723430
932.372986	-0.723460
932.373047	-0.723460
987.670837	-0.761406
987.670898	-0.761406
987.770000	-0.761474
988.037048	-0.761656
988.037109	-0.761656
1046.264526	-0.801102
1046.264648	-0.801102
1046.500000	-0.801261
1046.630737	-0.801349
1046.630859	-0.801349
1108.520386	-0.842758
1108.520508	-0.842758
1108.700000	-0.842877
1108.886597	-0.843001
1108.886719	-0.843001
1174.438354	-0.886232
1174.438477	-0.886232
1174.700000	-0.886403
1174.804565	-0.886471
1174.804688	-0.886471
1244.384644	-0.931475
1244.384766	-0.931475
1244.500000	-0.931549
1244.750854	-0.931709
1244.750977	-0.931709
1318.359253	-0.978044
1318.359375	-0.978045
1318.500000	-0.978132
1318.725464	-0.978271
1318.725586	-0.978271
1396.728394	-1.025613
1396.728516	-1.025613
1396.900000	-1.025715
1397.094604	-1.025831
1397.094727	-1.025831
1479.858276	-1.073789
1479.858398	-1.073789
1480.000000	-1.073869
1480.224487	-1.073996
1480.224609	-1.073996
1567.748901	-1.122005
1567.749023	-1.122005
1568.000000	-1.122138
1568.115112	-1.122200
1568.115234	-1.122200
1661.132690	-1.170203
1661.132812	-1.170203
1661.200000	-1.170237
1661.498901	-1.170386
1661.499023	-1.170386
1759.643433	-1.217918
1759.643555	-1.217918
1760.000000	-1.218085
1760.009644	-1.218090
1760.009766	-1.218090
1864.379761	-1.265579
1864.379883	-1.265579
1864.700000	-1.265720
1864.745972	-1.265741
1864.746094	-1.265741
1975.341675	-1.313208
1975.341797	-1.313208
1975.500000	-1.313275
1975.707886	-1.313361
1975.708008	-1.313361
2092.895264	-1.361076
2092.895508	-1.361077
2093.000000	-1.361118
2093.261475	-1.361222
2093.261719	-1.361222
2217.406982	-1.409433
2217.407227	-1.409433
2217.500000	-1.409469
2217.773193	-1.409572
2217.773438	-1.409573
2349.242920	-1.458429
2349.243164	-1.458429
2349.300000	-1.458450
2349.609131	-1.458562
2349.609375	-1.458562
2488.769287	-1.508056
2488.769531	-1.508056
2489.000000	-1.508136
2489.135498	-1.508183
2489.135742	-1.508183
2636.718506	-1.558254
2636.718750	-1.558254
2637.000000	-1.558347
2637.084717	-1.558375
2637.084961	-1.558376
2793.456787	-1.608683
2793.457031	-1.608683
2793.800000	-1.608790
2793.822998	-1.608798
2793.823242	-1.608798
2959.716553	-1.659036
2959.716797	-1.659037
2960.000000	-1.659120
2960.082764	-1.659144
2960.083008	-1.659144
3135.864014	-1.708904
3135.864258	-1.708905
3136.000000	-1.708942
3136.230225	-1.709005
3136.230469	-1.709005
3322.265381	-1.757993
3322.265625	-1.757994
3322.400000	-1.758028
3322.631592	-1.758086
3322.631836	-1.758086
3519.653076	-1.806276
3519.653320	-1.806277
3520.000000	-1.806358
3520.019287	-1.806363
3520.019531	-1.806363
3729.125732	-1.853978
3729.125977	-1.853978
3729.300000	-1.854017
3729.491943	-1.854059
3729.492188	-1.854059
3951.049561	-1.901296
3951.049805	-1.901296
3951.100000	-1.901306
3951.415771	-1.901372
3951.416016	-1.901372
4185.790527	-1.948520
4185.791016	-1.948520
4186.000000	-1.948561
4186.156738	-1.948592
4186.157227	-1.948592
4434.813965	-1.996134
4434.814453	-1.996134
4434.900000	-1.996150
4435.180176	-1.996202
4435.180664	-1.996202
4698.485840	-2.044269
4698.486328	-2.044269
4698.600000	-2.044289
4698.852051	-2.044334
4698.852539	-2.044334
4977.904785	-2.092984
4977.905273	-2.092984
4978.000000	-2.093000
4978.270996	-2.093046
4978.271484	-2.093046
5273.803223	-2.142015
5273.803711	-2.142016
5274.000000	-2.142047
5274.169434	-2.142074
5274.169922	-2.142075
5587.645996	-2.190980
5587.646484	-2.190981
5587.700000	-2.190989
5588.012207	-2.191036
5588.012695	-2.191036
5919.799316	-2.239163
5919.799805	-2.239163
5919.900000	-2.239177
5920.165527	-2.239214
5920.166016	-2.239214
6271.728027	-2.285986
6271.728516	-2.285986
6271.900000	-2.286008
6272.094238	-2.286033
6272.094727	-2.286033
6644.896973	-2.330962
6644.897461	-2.330962
6644.900000	-2.330963
6645.263184	-2.331004
6645.263672	-2.331004
7039.672363	-2.373707
7039.672852	-2.373707
7040.000000	-2.373740
7040.038574	-2.373744
7040.039062	-2.373744
7458.251465	-2.414344
7458.251953	-2.414344
7458.600000	-2.414376
7458.617676	-2.414378
7458.618164	-2.414378
7902.099121	-2.453214
7902.099609	-2.453214
7902.100000	-2.453214
7902.465332	-2.453245
7902.465820	-2.453245
8371.947266	-2.490863
8371.948242	-2.490863
8372.000000	-2.490867
8372.313477	-2.490891
8372.314453	-2.490891
8869.627930	-2.528083
8869.628906	-2.528083
8869.800000	-2.528095
8869.994141	-2.528109
8869.995117	-2.528109
9396.971680	-2.565653
9396.972656	-2.565654
9397.300000	-2.565676
9397.337891	-2.565679
9397.338867	-2.565679
9955.809570	-2.604152
9955.810547	-2.604152
9956.100000	-2.604172
9956.175781	-2.604177
9956.176758	-2.604177
10547.972656	-2.643747
10547.973633	-2.643747
10548.100000	-2.643756
10548.338867	-2.643771
10548.339844	-2.643771
11175.291992	-2.684036
11175.292969	-2.684036
11175.300000	-2.684037
11175.658203	-2.684059
11175.659180	-2.684059
11839.598633	-2.723996
11839.599609	-2.723996
11839.800000	-2.724008
11839.964844	-2.724017
11839.965820	-2.724017
12543.456055	-2.762161
12543.457031	-2.762161
12543.800000	-2.762178
12543.822266	-2.762179
12543.823242	-2.762179
13289.793945	-2.796905
13289.794922	-2.796905
13289.800000	-2.796905
13290.160156	-2.796920
13290.161133	-2.796920
14079.710938	-2.826760
14079.711914	-2.826760
14080.000000	-2.826769
14080.077148	-2.826772
14080.078125	-2.826772
14916.869141	-2.850936
14916.870117	-2.850936
14917.200000	-2.850944
14917.235352	-2.850945
14917.236328	-2.850945
15804.198242	-2.869293
15804.199219	-2.869293
15804.200000	-2.869293
15804.564453	-2.869299
15804.565430	-2.869299
16743.894531	-2.882287
16744.000000	-2.882288
16744.261719	-2.882291
17739.257812	-2.890798
17739.600000	-2.890800
17739.621094	-2.890800
17739.625000	-2.890800
18794.308594	-2.895867
18794.312500	-2.895867
18794.600000	-2.895868
18794.675781	-2.895869
19911.984375	-2.898514
19911.988281	-2.898514
19912.127000	-2.898514
19912.351562	-2.898514
21096.163600	-2.899639
