*--JBL Synthesis curve
*	with target as
*	(
*	SELECT "Freq" FROM "TARGET_CURVE_DATA"
*	where prefered is not null
*	union
*	SELECT "Freq" FROM "cat_preftunefreq"
*	)
*	SELECT "Freq"
*	,0
*	+df_lowshelf	(freq,48000	,   21.875, -2.6,0)
*	+df_lowshelf	(freq,48000	,   43.750, 6.3,0)
*	+df_lowshelf	(freq,48000	,   87.500, 2.5,0)
*	+df_highshelf	(freq,48000	,   87.500,-0.2,0)
*	+df_highshelf	(freq,48000	,  175.000, 0.1,0)
*	+df_highshelf	(freq,48000	,  350.000, 0.0,0)
*	+df_highshelf	(freq,48000	,  700.000,-0.6,0)
*	+df_highshelf	(freq,48000	, 1400.000,-0.6,0)
*	+df_highshelf	(freq,48000	, 2800.000,-0.7,0)
*	+df_highshelf	(freq,48000	, 5600.000,-0.6,0)
*	+df_highshelf	(freq,48000	,11200.000,-0.7,0)
*	as SPL
*	FROM target order by freq
*Freq	SPL
17.324000	6.706965
18.354000	6.796963
19.445000	6.893896
20.507812	6.986945
20.602000	6.995025
20.874023	7.018157
21.606445	7.078605
21.827000	7.096191
21.972656	7.107629
23.071289	7.188733
23.125000	7.192441
23.437500	7.213491
24.169922	7.259139
24.500000	7.277917
24.536133	7.279902
25.634766	7.333325
25.957000	7.346358
26.000977	7.348041
27.465820	7.390716
27.500000	7.391397
27.832031	7.397261
28.930664	7.406919
29.135000	7.407071
29.296875	7.406828
30.761719	7.390219
30.868000	7.388022
31.127930	7.382096
32.592773	7.334410
32.703000	7.329870
32.958984	7.318828
34.423828	7.242771
34.648000	7.229279
34.790039	7.220487
36.621094	7.091175
36.708000	7.084341
36.987305	7.061980
38.818359	6.901310
38.891000	6.894469
39.184570	6.866486
41.015625	6.680850
41.203000	6.660876
41.381836	6.641659
43.579102	6.394836
43.654000	6.386118
43.945312	6.352046
46.142578	6.088060
46.249000	6.075020
46.508789	6.043110
48.706055	5.769963
48.999000	5.733260
49.072266	5.724075
51.635742	5.402564
51.913000	5.367909
52.001953	5.356801
54.931637	4.995021
54.931641	4.995021
55.000000	4.986699
55.297848	4.950520
55.297852	4.950519
58.227535	4.602224
58.227539	4.602224
58.270000	4.597287
58.593746	4.559761
58.593750	4.559760
61.523434	4.229718
61.523438	4.229718
61.735000	4.206579
61.889645	4.189726
61.889648	4.189725
65.185547	3.842992
65.406000	3.820658
65.551758	3.805950
69.213867	3.451838
69.296000	3.444233
69.580078	3.418039
73.242188	3.095664
73.416000	3.081052
73.608398	3.064950
77.636719	2.744470
77.782000	2.733488
78.002930	2.716863
82.397461	2.404224
82.407000	2.403582
82.763672	2.379667
87.158195	2.101749
87.158203	2.101749
87.307000	2.092861
87.524406	2.079936
87.524414	2.079935
92.285149	1.813961
92.285156	1.813960
92.499000	1.802752
92.651360	1.794803
92.651367	1.794803
97.778313	1.544761
97.778320	1.544761
97.999000	1.534730
98.144524	1.528146
98.144531	1.528146
103.637688	1.297344
103.637695	1.297344
103.830000	1.289863
104.003899	1.283131
104.003906	1.283131
109.863274	1.074031
109.863281	1.074031
110.000000	1.069544
110.229485	1.062050
110.229492	1.062050
116.455070	0.876119
116.455078	0.876119
116.540000	0.873802
116.821281	0.866169
116.821289	0.866168
123.413078	0.703818
123.413086	0.703818
123.470000	0.702546
123.779289	0.695672
123.779297	0.695672
130.737305	0.556319
130.810000	0.555007
131.103516	0.549740
138.427734	0.431986
138.590000	0.429653
138.793945	0.426737
146.484375	0.328605
146.830000	0.324693
146.850586	0.324462
155.273422	0.240409
155.273438	0.240408
155.560000	0.237895
155.639633	0.237200
155.639648	0.237200
164.794907	0.167025
164.794922	0.167025
164.810000	0.166924
165.161118	0.164581
165.161133	0.164581
174.316391	0.110966
174.316406	0.110966
174.610000	0.109462
174.682602	0.109092
174.682617	0.109092
184.936508	0.063508
184.936523	0.063508
185.000000	0.063263
185.302719	0.062100
185.302734	0.062100
195.922836	0.026576
195.922852	0.026576
196.000000	0.026351
196.289047	0.025514
196.289062	0.025514
207.641586	-0.003097
207.641602	-0.003097
207.650000	-0.003115
208.007797	-0.003897
208.007812	-0.003897
219.726547	-0.026279
219.726562	-0.026279
220.000000	-0.026736
220.092758	-0.026890
220.092773	-0.026890
232.910141	-0.045608
232.910156	-0.045608
233.080000	-0.045826
233.276352	-0.046076
233.276367	-0.046076
246.826157	-0.061407
246.826172	-0.061407
246.940000	-0.061521
247.192368	-0.061774
247.192383	-0.061774
261.474609	-0.074638
261.630000	-0.074765
261.840820	-0.074936
276.855438	-0.086109
276.855469	-0.086109
277.180000	-0.086332
277.221649	-0.086360
277.221680	-0.086360
293.334930	-0.096715
293.334961	-0.096715
293.660000	-0.096913
293.701141	-0.096938
293.701172	-0.096938
310.913055	-0.106976
310.913086	-0.106977
311.130000	-0.107099
311.279266	-0.107184
311.279297	-0.107184
329.589813	-0.117393
329.589844	-0.117393
329.630000	-0.117415
329.956024	-0.117596
329.956055	-0.117596
348.998993	-0.128234
348.999023	-0.128234
349.230000	-0.128365
349.365204	-0.128442
349.365234	-0.128442
369.873016	-0.140358
369.873047	-0.140358
369.990000	-0.140428
370.239227	-0.140577
370.239258	-0.140577
391.845673	-0.153989
391.845703	-0.153989
392.000000	-0.154088
392.211884	-0.154225
392.211914	-0.154225
415.283173	-0.169775
415.283203	-0.169775
415.300000	-0.169787
415.649384	-0.170033
415.649414	-0.170033
439.819305	-0.187848
439.819336	-0.187848
440.000000	-0.187987
440.185516	-0.188130
440.185547	-0.188130
465.820282	-0.208791
465.820312	-0.208791
466.160000	-0.209077
466.186493	-0.209099
466.186523	-0.209099
493.652313	-0.233189
493.652344	-0.233189
493.880000	-0.233397
494.018524	-0.233523
494.018555	-0.233523
522.949219	-0.260878
523.250000	-0.261172
523.315430	-0.261235
554.077087	-0.292178
554.077148	-0.292178
554.370000	-0.292480
554.443298	-0.292556
554.443359	-0.292556
587.036072	-0.326894
587.036133	-0.326894
587.330000	-0.327209
587.402283	-0.327286
587.402344	-0.327286
622.192322	-0.365018
622.192383	-0.365018
622.250000	-0.365081
622.558533	-0.365419
622.558594	-0.365419
659.179626	-0.405572
659.179688	-0.405572
659.260000	-0.405660
659.545837	-0.405973
659.545898	-0.405973
698.364197	-0.448246
698.364258	-0.448246
698.460000	-0.448350
698.730408	-0.448642
698.730469	-0.448642
739.746033	-0.492303
739.746094	-0.492303
739.990000	-0.492559
740.112244	-0.492687
740.112305	-0.492687
783.691345	-0.537441
783.691406	-0.537441
783.990000	-0.537741
784.057556	-0.537809
784.057617	-0.537809
830.566345	-0.583448
830.566406	-0.583448
830.610000	-0.583489
830.932556	-0.583798
830.932617	-0.583798
879.638611	-0.629242
879.638672	-0.629242
880.000000	-0.629571
880.004822	-0.629575
880.004883	-0.629575
932.006775	-0.675676
932.006836	-0.675676
932.330000	-0.675956
932.372986	-0.675993
932.373047	-0.675993
987.670837	-0.722678
987.670898	-0.722678
987.770000	-0.722760
988.037048	-0.722981
988.037109	-0.722981
1046.264526	-0.770002
1046.264648	-0.770002
1046.500000	-0.770189
1046.630737	-0.770292
1046.630859	-0.770292
1108.520386	-0.818304
1108.520508	-0.818304
1108.700000	-0.818441
1108.886597	-0.818583
1108.886719	-0.818583
1174.438354	-0.867554
1174.438477	-0.867555
1174.700000	-0.867746
1174.804565	-0.867823
1174.804688	-0.867823
1244.384644	-0.917869
1244.384766	-0.917869
1244.500000	-0.917950
1244.750854	-0.918127
1244.750977	-0.918127
1318.359253	-0.968947
1318.359375	-0.968947
1318.500000	-0.969042
1318.725464	-0.969195
1318.725586	-0.969195
1396.728394	-1.020628
1396.728516	-1.020628
1396.900000	-1.020739
1397.094604	-1.020864
1397.094727	-1.020864
1479.858276	-1.072677
1479.858398	-1.072677
1480.000000	-1.072763
1480.224487	-1.072900
1480.224609	-1.072900
1567.748901	-1.124655
1567.749023	-1.124655
1568.000000	-1.124799
1568.115112	-1.124866
1568.115234	-1.124866
1661.132690	-1.176659
1661.132812	-1.176659
1661.200000	-1.176696
1661.498901	-1.176857
1661.499023	-1.176857
1759.643433	-1.228314
1759.643555	-1.228314
1760.000000	-1.228496
1760.009644	-1.228501
1760.009766	-1.228501
1864.379761	-1.280182
1864.379883	-1.280182
1864.700000	-1.280336
1864.745972	-1.280358
1864.746094	-1.280358
1975.341675	-1.332350
1975.341797	-1.332350
1975.500000	-1.332422
1975.707886	-1.332518
1975.708008	-1.332518
2092.895264	-1.385137
2092.895508	-1.385137
2093.000000	-1.385183
2093.261475	-1.385298
2093.261719	-1.385298
2217.406982	-1.438805
2217.407227	-1.438805
2217.500000	-1.438844
2217.773193	-1.438959
2217.773438	-1.438960
2349.242920	-1.493473
2349.243164	-1.493473
2349.300000	-1.493496
2349.609131	-1.493622
2349.609375	-1.493622
2488.769287	-1.549062
2488.769531	-1.549062
2489.000000	-1.549152
2489.135498	-1.549204
2489.135742	-1.549205
2636.718506	-1.605415
2636.718750	-1.605415
2637.000000	-1.605520
2637.084717	-1.605551
2637.084961	-1.605551
2793.456787	-1.662054
2793.457031	-1.662054
2793.800000	-1.662175
2793.822998	-1.662183
2793.823242	-1.662183
2959.716553	-1.718538
2959.716797	-1.718538
2960.000000	-1.718631
2960.082764	-1.718659
2960.083008	-1.718659
3135.864014	-1.774314
3135.864258	-1.774314
3136.000000	-1.774355
3136.230225	-1.774426
3136.230469	-1.774426
3322.265381	-1.828971
3322.265625	-1.828971
3322.400000	-1.829009
3322.631592	-1.829074
3322.631836	-1.829074
3519.653076	-1.882413
3519.653320	-1.882413
3520.000000	-1.882503
3520.019287	-1.882508
3520.019531	-1.882508
3729.125732	-1.934841
3729.125977	-1.934841
3729.300000	-1.934883
3729.491943	-1.934930
3729.492188	-1.934930
3951.049561	-1.986452
3951.049805	-1.986452
3951.100000	-1.986463
3951.415771	-1.986534
3951.416016	-1.986534
4185.790527	-2.037573
4185.791016	-2.037573
4186.000000	-2.037617
4186.156738	-2.037650
4186.157227	-2.037650
4434.813965	-2.088776
4434.814453	-2.088776
4434.900000	-2.088793
4435.180176	-2.088849
4435.180664	-2.088849
4698.485840	-2.140285
4698.486328	-2.140285
4698.600000	-2.140307
4698.852051	-2.140355
4698.852539	-2.140355
4977.904785	-2.192285
4977.905273	-2.192285
4978.000000	-2.192303
4978.270996	-2.192352
4978.271484	-2.192352
5273.803223	-2.244652
5273.803711	-2.244652
5274.000000	-2.244686
5274.169434	-2.244715
5274.169922	-2.244715
5587.645996	-2.297172
5587.646484	-2.297172
5587.700000	-2.297181
5588.012207	-2.297232
5588.012695	-2.297232
5919.799316	-2.349310
5919.799805	-2.349310
5919.900000	-2.349326
5920.165527	-2.349366
5920.166016	-2.349366
6271.728027	-2.400712
6271.728516	-2.400712
6271.900000	-2.400736
6272.094238	-2.400763
6272.094727	-2.400763
6644.896973	-2.451148
6644.897461	-2.451148
6644.900000	-2.451149
6645.263184	-2.451196
6645.263672	-2.451196
7039.672363	-2.500517
7039.672852	-2.500517
7040.000000	-2.500556
7040.038574	-2.500561
7040.039062	-2.500561
7458.251465	-2.549291
7458.251953	-2.549292
7458.600000	-2.549331
7458.617676	-2.549333
7458.618164	-2.549333
7902.099121	-2.598186
7902.099609	-2.598186
7902.100000	-2.598186
7902.465332	-2.598226
7902.465820	-2.598226
8371.947266	-2.648108
8371.948242	-2.648108
8372.000000	-2.648114
8372.313477	-2.648147
8372.314453	-2.648147
8869.627930	-2.700197
8869.628906	-2.700197
8869.800000	-2.700215
8869.994141	-2.700236
8869.995117	-2.700236
9396.971680	-2.755468
9396.972656	-2.755468
9397.300000	-2.755503
9397.337891	-2.755507
9397.338867	-2.755507
9955.809570	-2.814516
9955.810547	-2.814516
9956.100000	-2.814547
9956.175781	-2.814555
9956.176758	-2.814555
10547.972656	-2.877198
10547.973633	-2.877198
10548.100000	-2.877212
10548.338867	-2.877237
10548.339844	-2.877237
11175.291992	-2.942391
11175.292969	-2.942391
11175.300000	-2.942392
11175.658203	-2.942428
11175.659180	-2.942429
11839.598633	-3.007949
11839.599609	-3.007949
11839.800000	-3.007968
11839.964844	-3.007984
11839.965820	-3.007984
12543.456055	-3.071054
12543.457031	-3.071054
12543.800000	-3.071083
12543.822266	-3.071085
12543.823242	-3.071085
13289.793945	-3.128722
13289.794922	-3.128722
13289.800000	-3.128723
13290.160156	-3.128748
13290.161133	-3.128748
14079.710938	-3.178344
14079.711914	-3.178344
14080.000000	-3.178360
14080.077148	-3.178364
14080.078125	-3.178364
14916.869141	-3.218532
14916.870117	-3.218532
14917.200000	-3.218545
14917.235352	-3.218547
14917.236328	-3.218547
15804.198242	-3.249031
15804.199219	-3.249031
15804.200000	-3.249031
15804.564453	-3.249042
15804.565430	-3.249042
16743.894531	-3.270609
16744.000000	-3.270611
16744.261719	-3.270615
17739.257812	-3.284735
17739.600000	-3.284738
17739.621094	-3.284738
17739.625000	-3.284738
18794.308594	-3.293145
18794.312500	-3.293145
18794.600000	-3.293147
18794.675781	-3.293147
19911.984375	-3.297535
19911.988281	-3.297535
19912.127000	-3.297536
19912.351562	-3.297536
21096.163600	-3.299401
